[42050.71178187527.54.226.99]
created=42050.711781875
IP=27.54.226.99
port=22
user=root
pass=3B9733AE21A32D68A9EB2975A9D1C5
LoginType=1
options=3030333000033001103000010003333000001012000133103
Proxy=0
ID=FCE796A6

[42091.3912683218121.199.34.98]
created=42091.3912683218
IP=121.199.34.98
port=22
user=root
pass=ADCD054397CD1C7E8DF718
LoginType=1
options=3030333000033001103000010003333000001012000133103
Proxy=0
ID=2CDE0569

[42125.9457991435121.40.98.170]
created=42125.9457991435
IP=121.40.98.170
port=21
user=root
pass=3FB515B4D4304FBD0000
LoginType=1
options=3030333000033001103000010003333000001002000133203
Proxy=0
ID=123494D1

[42125.9461834838121.40.98.170]
created=42125.9461834838
IP=121.40.98.170
port=22
user=root
pass=8CFA5EFF00051874DE22
LoginType=1
options=3030333000033001103000010003333000001012000133103
Proxy=0
ID=6D684363
